Backend TkAgg is interactive backend. Turning interactive mode on.
Latitude: 37.377374 Longitude: 126.667533
Check This
x: -13
y: 88
x_diff: 26.000000000000004
y_diff: 0.0
Latitude: 37.376784 Longitude: 126.668183
Check This
x: -19
y: -77
x_diff: 38.00000000000001
y_diff: 154.0
Latitude: 37.376844000000006 Longitude: 126.668073
